0.050797 1.274845 10.714228 0.000000 3.889119 0.918880
1.052107 0.719699 6.982462 0.000000 3.857542 1.207582
2.053491 0.779469 7.629074 0.000000 3.855123 1.205383
3.054952 0.740785 7.160635 0.000000 3.833221 1.209818
4.056156 0.754630 7.490280 0.000000 3.853530 1.174532
5.058040 0.753555 7.455239 0.000000 3.819282 1.330509
6.059477 1.483053 9.891091 0.000000 3.878292 1.157370
7.060847 0.825468 7.374053 0.000000 3.861897 1.205457
8.094069 5.677737 17.386774 0.000000 4.418382 0.510339
9.112830 7.334175 21.501669 0.000000 4.593943 0.212451
10.127864 7.341998 21.488632 0.000000 4.537105 0.267504
11.136619 7.274326 21.328165 0.000000 4.584043 0.283840
12.141526 7.247031 21.264047 0.000000 4.542407 0.271255
13.142971 6.282899 20.316974 0.000000 4.277511 0.306367
14.144247 3.496454 13.661599 0.000000 4.098759 0.692045
15.145655 2.055623 11.758376 0.000000 4.002832 1.199906
16.146806 3.848003 17.861749 0.000000 4.075844 1.197426
17.147989 3.737264 17.748904 0.000000 4.079693 1.199188
18.149525 2.179224 12.076298 0.000000 3.997994 1.218886
19.153696 6.650970 19.783574 0.000000 6.092433 0.350882
20.160593 7.041038 21.242089 0.000000 6.065633 0.297760
21.168133 7.092699 21.272432 0.000000 5.928503 0.178143
22.170005 6.602205 20.852295 0.000000 5.865577 0.244277
23.171208 2.104371 13.697693 0.000000 4.261231 1.201118
24.176740 7.182374 21.422597 0.000000 6.933522 0.478136
25.178347 6.775078 21.006923 0.000000 5.808385 0.328350
26.179697 3.845593 17.451158 0.000000 4.245855 1.202421
27.190905 6.918445 20.793088 0.000000 6.362089 0.293279
28.198797 7.120334 21.359958 0.000000 5.804940 0.189834
29.200790 4.183481 17.354711 0.000000 4.852420 0.675056
30.202509 5.705966 19.299618 0.000000 6.327471 0.769363
31.203652 3.832808 17.850371 0.000000 4.105933 1.211412
32.204966 3.803307 17.090810 0.000000 4.812951 1.202556
33.206940 2.268532 14.184218 0.000000 4.203281 1.199000
34.208188 3.425306 16.923812 0.000000 4.281263 1.201032
35.209155 2.959586 15.176776 0.000000 4.717545 1.199279
36.221365 5.613601 19.533693 0.000000 6.114127 0.815604
37.224315 7.108303 21.422248 0.000000 6.115307 0.198897
38.227876 6.941392 21.195230 0.000000 6.722551 0.516242
39.229567 6.631411 20.851157 0.000000 5.968835 0.324092
40.232130 4.989455 18.925508 0.000000 5.989730 1.175532
41.233642 6.421412 20.657927 0.000000 6.262534 0.894951
42.234969 3.841338 17.842183 0.000000 4.298952 1.198681
43.236406 3.381829 16.247131 0.000000 4.903415 1.205767
44.242492 7.156078 21.498613 0.000000 7.237143 0.606222
45.244377 6.006135 20.172288 0.000000 5.330270 0.663951
46.245876 2.774482 15.001104 0.000000 4.264802 1.218678
47.252034 7.451837 21.756296 0.000000 6.822807 0.332596
48.253814 5.262377 19.404638 0.000000 4.996233 0.505062
49.255079 2.254808 14.308883 0.000000 4.239679 1.201147
50.261476 5.524808 18.718666 0.000000 6.046798 0.402025
51.264229 7.013270 21.342839 0.000000 6.302899 0.274066
52.265736 4.909288 18.484640 0.000000 4.745915 1.201206
53.272786 4.494710 17.376912 0.000000 5.460890 0.695902
54.274665 6.973454 21.313697 0.000000 6.356510 0.294983
55.275863 5.087213 18.569367 0.000000 4.231244 1.274675
56.277090 1.693540 13.567110 0.000000 4.100956 1.200505
57.282837 6.644750 20.702964 0.000000 6.516322 0.491489
58.284492 6.622812 20.881180 0.000000 5.993986 0.358167
59.285660 2.662174 14.469827 0.000000 4.209150 1.291039
60.290330 3.463591 15.138013 0.000000 5.460111 0.831556
61.292356 6.981323 21.290604 0.000000 6.571144 0.262164
62.293627 5.320098 19.366884 0.000000 4.605963 1.295922
63.295108 2.567212 14.594337 0.000000 4.058762 1.203322
64.302209 6.963552 21.004805 0.000000 6.312884 0.375184
65.309446 7.076504 21.286230 0.000000 5.857891 0.180200
66.311144 4.421920 18.377136 0.000000 4.767935 0.857313
67.314968 5.543241 19.424333 0.000000 5.428582 1.194121
68.320984 7.035206 21.249224 0.000000 6.272810 0.256325
69.322926 6.887275 21.112002 0.000000 5.960045 0.329154
70.324164 2.562882 14.193060 0.000000 4.153945 1.389644
71.325627 2.429841 13.245789 0.000000 4.516114 1.211025
72.332939 7.289048 21.538008 0.000000 6.522831 0.291215
73.336083 6.653307 20.879240 0.000000 5.950256 0.251224
74.337516 2.111537 13.793727 0.000000 4.096699 1.338029
75.347850 3.595247 15.843415 0.000000 5.567043 0.947981
76.349872 6.547750 20.810475 0.000000 6.435885 0.406172
77.351074 3.208500 16.383671 0.000000 4.268124 1.285393
78.352400 2.212704 14.528238 0.000000 4.117801 1.193994
79.360700 2.993676 14.222574 0.000000 4.975942 0.904641
80.369813 7.061503 21.292093 0.000000 5.928335 0.224813
81.372219 7.071259 21.358161 0.000000 6.047143 0.226325
82.373622 2.778557 14.728389 0.000000 4.451457 1.267788
83.379579 6.830739 20.973953 0.000000 6.509138 0.458561
84.381373 5.704685 19.511991 0.000000 5.611880 0.451297
85.382643 2.648156 14.825150 0.000000 4.221537 1.212886
86.388350 4.189576 16.419189 0.000000 5.696524 0.744801
87.392513 7.008636 21.299017 0.000000 6.274768 0.274661
88.393995 3.805030 16.674675 0.000000 4.611284 1.206499
89.400357 4.454888 17.619757 0.000000 5.707750 1.025423
90.402389 6.965203 21.300076 0.000000 6.651966 0.300341
91.403729 4.143495 17.919421 0.000000 4.484072 1.248262
92.404923 1.879942 13.474131 0.000000 4.097875 1.196618
93.410170 5.784970 19.125769 0.000000 6.278307 0.922830
94.411804 6.784598 21.070869 0.000000 6.004105 0.341939
95.412962 3.524407 16.354612 0.000000 4.266163 1.330527
96.414595 3.070883 16.178111 0.000000 4.108739 1.224728
97.422283 7.256937 21.477988 0.000000 6.532299 0.406249
98.423944 6.937162 21.215401 0.000000 5.975289 0.275595
99.425447 2.694924 14.580091 0.000000 4.235029 1.298603
100.429403 4.970404 17.646411 0.000000 5.678662 0.676627
101.433756 7.030963 21.255663 0.000000 6.107842 0.246480
102.435438 4.112924 16.981705 0.000000 5.108716 0.793162
103.436846 2.096307 13.209915 0.000000 4.246325 1.207939
104.443789 7.376171 21.659676 0.000000 6.884892 0.585455
105.445531 5.633498 19.836053 0.000000 5.338723 0.695857
106.446689 2.795195 15.459256 0.000000 4.136019 1.199562
107.451636 4.329200 16.523939 0.000000 5.847325 0.885728
108.453453 6.981486 21.287051 0.000000 6.598987 0.296327
109.454642 4.214609 18.246585 0.000000 4.441649 1.267829
110.455949 3.226618 15.964973 0.000000 4.366242 1.197824
111.457516 0.792307 7.389954 0.000000 3.863315 1.208096
112.458821 0.744893 7.192245 0.000000 3.896283 1.201553
113.460235 0.756087 7.259022 0.000000 3.852874 1.184240
114.461678 0.734003 7.264710 0.000000 3.877660 1.213333
115.462904 0.790855 7.270534 0.000000 3.845794 1.170497
116.465747 0.755071 7.323586 0.000000 3.820438 1.260463
117.467141 0.794090 7.407322 0.000000 3.870078 1.168855
118.468520 0.856957 7.635573 0.000000 3.896040 1.211298
119.470558 0.803751 7.366259 0.000000 3.848648 1.186932
120.472039 0.768820 7.182737 0.000000 3.881915 1.207235
121.473395 0.733838 7.040518 0.000000 3.843665 1.188552
122.476104 0.748065 7.055623 0.000000 3.879748 1.236090
123.477717 0.784242 7.287227 0.000000 3.879409 1.209759
124.478945 0.754932 7.054538 0.000000 3.874027 1.122937
125.480124 1.067025 8.290458 0.000000 3.879444 1.201456
126.481710 0.726402 6.969507 0.000000 3.787587 1.277195
127.482915 0.744129 7.123085 0.000000 3.874726 1.137386
128.484208 0.696594 6.675939 0.000000 3.839229 1.223349
129.485761 0.783802 7.256827 0.000000 3.883099 1.230122
130.487048 0.791904 7.277713 0.000000 3.802906 1.163011
131.488265 0.806316 7.252359 0.000000 3.851438 1.182653
132.489676 1.003634 7.804416 0.000000 3.879794 1.216975
133.490938 0.669443 6.945398 0.000000 3.845428 1.238977
134.492125 1.046320 7.789263 0.000000 3.770793 1.121324
135.493767 0.698865 6.847795 0.000000 3.901309 1.260246
136.495017 0.702064 6.920701 0.000000 3.878437 1.146847
137.496555 2.505942 12.239019 0.000000 4.222174 1.206842
138.498274 1.019610 7.830640 0.000000 3.891687 1.188348
139.499603 0.850569 7.457603 0.000000 3.844043 1.179981
140.500905 0.721854 6.947787 0.000000 3.865527 1.194669
141.502438 0.795198 7.357556 0.000000 3.916207 1.221606
142.503692 0.858283 7.606047 0.000000 3.902836 1.179411
143.504937 0.878514 7.847103 0.000000 3.909135 1.228612
144.506466 1.054479 8.343246 0.000000 3.903105 1.196351
145.507686 0.750290 7.135948 0.000000 3.860464 1.175071
146.508925 1.127311 8.505681 0.000000 3.952912 1.202384
147.510420 0.692842 6.787705 0.000000 3.865376 1.171459
148.511830 0.762124 7.114648 0.000000 3.884537 1.206534
149.513063 0.849935 7.475020 0.000000 3.922044 1.196523
150.514789 0.814253 7.267166 0.000000 3.849481 1.209186
151.516043 0.808084 7.259024 0.000000 3.902150 1.191068
152.517297 1.073956 7.998562 0.000000 3.907988 1.199472
153.518813 0.857114 7.563972 0.000000 3.903399 1.208945
154.520066 0.815369 7.489274 0.000000 3.917699 1.194654
155.521356 1.035682 7.747543 0.000000 3.924853 1.200189
156.522803 0.744711 7.080697 0.000000 3.846317 1.216749
157.524033 0.709302 7.045366 0.000000 3.884169 1.176687
158.525282 0.955822 7.722974 0.000000 3.832630 1.199134
159.526671 0.858472 7.758861 0.000000 3.906591 1.206677
160.527926 1.029637 7.821178 0.000000 3.875446 1.199263
161.529163 0.777069 7.172098 0.000000 3.882847 1.202130
162.530734 0.822073 7.278955 0.000000 3.928490 1.222361
163.531945 0.751120 7.065219 0.000000 3.917954 1.154243
164.533147 0.712050 7.084914 0.000000 3.883166 1.197155
165.534739 0.767150 7.256680 0.000000 3.851077 1.244042
166.535935 0.884974 7.631636 0.000000 3.854719 1.160256
167.537188 1.103933 8.393719 0.000000 3.943347 1.201049
168.538680 0.733616 7.110332 0.000000 3.896682 1.212194
169.539932 0.802447 7.437678 0.000000 3.887710 1.189519
170.541151 0.781137 7.304376 0.000000 3.916125 1.179203
171.542721 0.725804 7.018126 0.000000 3.900371 1.249303
172.543938 0.788103 7.303992 0.000000 3.847216 1.140927
173.545174 0.769983 7.363534 0.000000 3.879178 1.198540
174.546645 0.762398 7.402212 0.000000 3.906043 1.244235
175.547939 0.763569 7.185131 0.000000 4.032670 1.183057
176.549162 0.714275 7.088102 0.000000 4.040423 1.173877
177.550675 0.737897 7.117725 0.000000 3.884382 1.229179
178.551946 0.837117 7.606345 0.000000 3.899082 1.189793
179.553166 0.770438 7.347588 0.000000 3.870065 1.196182
180.554809 0.765999 7.310331 0.000000 3.870685 1.260816
181.556107 0.795583 7.521289 0.000000 3.875387 1.178470
182.557502 0.740178 7.309109 0.000000 3.876215 1.203807
183.558886 0.829571 7.437811 0.000000 3.898444 1.196253
184.560228 0.787715 7.649052 0.000000 3.849098 1.192533
185.561585 0.931018 8.004975 0.000000 3.866000 1.204441
186.563066 0.761598 7.239370 0.000000 3.828680 1.211579
187.564387 0.840915 7.631704 0.000000 3.884624 1.191523
188.565670 0.781407 7.374266 0.000000 3.912064 1.188414
189.567161 0.912489 8.062245 0.000000 3.953213 1.213224
190.568460 0.846922 7.470611 0.000000 3.892587 1.190712
191.569687 1.126029 8.470397 0.000000 3.938725 1.193744
192.571130 0.701502 7.002713 0.000000 3.858629 1.216199
193.572549 0.674717 6.839857 0.000000 3.871109 1.194087
194.573879 0.727761 7.295685 0.000000 3.878036 1.193580
195.575507 0.779599 7.166084 0.000000 3.929364 1.230287
196.576818 0.782848 7.300045 0.000000 3.808529 1.173838
197.578068 0.722501 6.986719 0.000000 3.832749 1.193918
198.579604 0.689782 6.815597 0.000000 3.851506 1.243634
199.580898 0.718507 6.995557 0.000000 3.840977 1.167203
200.582191 0.729221 7.248850 0.000000 3.806281 1.194347
201.583675 0.803312 7.406856 0.000000 3.921625 1.208961
202.584909 0.854384 7.523949 0.000000 3.854207 1.194927
203.586205 0.860137 7.679835 0.000000 3.918490 1.198039
204.587666 0.745935 7.119742 0.000000 3.787253 1.212386
205.588926 0.749498 7.097624 0.000000 3.896183 1.190459
206.590117 0.698737 6.975349 0.000000 3.815706 1.181145
207.591720 0.739415 7.199108 0.000000 3.893661 1.266724
208.592961 0.690321 6.817285 0.000000 3.863446 1.116716
209.594143 0.738126 7.097750 0.000000 3.873305 1.197808
210.595838 0.698523 6.967865 0.000000 3.908323 1.294516
211.597223 0.805830 7.594660 0.000000 3.899887 1.159675
212.598578 0.726920 7.107556 0.000000 3.875546 1.198071
213.600017 0.817168 7.780553 0.000000 3.850828 1.204668
214.601199 0.743765 7.301184 0.000000 3.900937 1.172267
215.602488 0.842572 7.785680 0.000000 3.917756 1.217507
216.603929 0.796566 7.704276 0.000000 3.861547 1.208742
217.605158 0.784452 7.425749 0.000000 3.913510 1.165885
218.606525 0.748229 7.413891 0.000000 3.901329 1.237683
219.607949 1.834104 10.582875 0.000000 4.061980 1.199782
220.609209 0.724231 6.968531 0.000000 3.958316 1.170388
221.610483 0.694291 7.083763 0.000000 3.894833 1.218838
222.611964 0.766839 7.186546 0.000000 3.855877 1.214905
223.613210 0.750987 7.321673 0.000000 3.981261 1.170974
224.614555 0.689365 6.988145 0.000000 3.925964 1.239589
225.615936 0.759952 7.242120 0.000000 3.956572 1.192487
226.617151 0.749730 7.211223 0.000000 3.910683 1.174087
227.618476 0.762555 7.395887 0.000000 3.952893 1.227507
228.619940 0.772368 7.258311 0.000000 3.908463 1.212178
229.621269 0.814850 7.698127 0.000000 3.842991 1.216693
230.622653 0.731821 7.240086 0.000000 3.929711 1.176306
231.624155 0.774746 7.308421 0.000000 4.005718 1.201848
232.625480 0.744680 7.333666 0.000000 4.065551 1.190742
233.626829 0.796274 7.352402 0.000000 3.962611 1.192359
234.628438 0.750334 7.110385 0.000000 3.935851 1.240563
235.629824 0.761015 7.240789 0.000000 3.912638 1.185974
236.631153 0.744570 7.226252 0.000000 3.906064 1.170581
237.632739 0.819699 7.387378 0.000000 3.937709 1.247900
238.633946 0.811277 7.625073 0.000000 3.848854 1.167548
239.635218 0.738258 7.232271 0.000000 3.908161 1.195830
240.636674 0.755934 7.093035 0.000000 3.868330 1.248120
241.637894 0.765119 6.996637 0.000000 3.960973 1.169772
242.639224 0.761835 7.166601 0.000000 4.026399 1.223162
243.640643 0.865898 7.649515 0.000000 4.154002 1.212781
244.641910 0.749371 7.130279 0.000000 4.140887 1.180933
245.643218 1.379299 9.623704 0.000000 4.110164 1.199562
246.644826 0.760587 7.279096 0.000000 3.919204 1.246604
247.646216 0.782223 7.372580 0.000000 4.022043 1.172411
248.647701 1.079193 8.381415 0.000000 3.962713 1.210937
249.649143 0.652806 7.068434 0.000000 3.927731 1.200405
250.650695 0.646092 6.972471 0.000000 3.855467 1.200382
251.651925 0.618090 6.622988 0.000000 3.841786 1.163014
252.653503 0.730262 7.273541 0.000000 3.882012 1.255020
253.654826 0.731622 6.996390 0.000000 3.941532 1.190213
254.656212 0.728315 7.220888 0.000000 3.836266 1.183532
255.657772 0.764539 7.346709 0.000000 3.923704 1.233536
256.659147 0.694678 6.900226 0.000000 3.831036 1.158279
257.660523 0.666137 6.896348 0.000000 3.875572 1.209255
258.662010 0.712243 7.018540 0.000000 3.884300 1.205312
259.663437 0.744299 7.276010 0.000000 3.865288 1.194065
260.664772 0.712946 7.174200 0.000000 3.892600 1.197090
261.666243 0.694535 7.120202 0.000000 3.864432 1.219214
262.667711 0.707061 6.984679 0.000000 4.030749 1.216343
263.668953 1.270151 8.571097 0.000000 4.039828 1.194548
264.670427 0.731481 7.079135 0.000000 3.911685 1.212782
265.671662 0.716553 7.089709 0.000000 3.892288 1.196525
266.672941 0.699103 7.044517 0.000000 3.907203 1.206011
267.674345 0.769824 7.398182 0.000000 3.899646 1.228847
268.675718 0.665621 7.045565 0.000000 3.796942 1.188684
269.677053 0.730607 7.208820 0.000000 3.863784 1.183492
270.678692 0.734682 7.176898 0.000000 3.855467 1.240884
271.679925 0.673379 6.915834 0.000000 3.827784 1.153265
272.681264 0.757744 7.090131 0.000000 3.917789 1.214058
273.682710 0.694507 7.329093 0.000000 3.883925 1.221735
274.684048 0.776747 7.438762 0.000000 3.914486 1.181795
275.685384 0.690530 7.060012 0.000000 3.885099 1.211203
276.686924 0.739995 7.035261 0.000000 3.963561 1.209907
277.688187 0.685993 7.000924 0.000000 3.954707 1.160989
278.689594 0.772701 7.122822 0.000000 3.977924 1.250920
279.691025 0.712161 7.134656 0.000000 3.996386 1.205720
280.692354 0.743062 7.001895 0.000000 3.966043 1.190227
281.693800 0.655561 6.644841 0.000000 3.899650 1.216252
282.695471 0.714154 6.982185 0.000000 3.978034 1.233027
283.696825 0.780864 7.481935 0.000000 4.002210 1.160268
284.698201 0.787795 7.218963 0.000000 3.921544 1.191277
285.699693 0.850766 7.634514 0.000000 3.891868 1.210714
286.700934 0.695472 7.111125 0.000000 3.840937 1.182936
287.702107 0.738102 7.293919 0.000000 3.894190 1.199660
288.703729 0.743454 7.000867 0.000000 3.904251 1.210216
289.705073 0.795394 7.491808 0.000000 3.870454 1.194505
290.706355 0.784867 7.501522 0.000000 3.904662 1.200792
291.707798 0.785823 7.094864 0.000000 3.913557 1.202862
292.709058 0.771885 7.236169 0.000000 3.877470 1.195303
293.710358 0.841329 7.470710 0.000000 3.959559 1.200867
294.711842 0.770585 7.175768 0.000000 3.873387 1.204651
295.713147 0.840471 7.730252 0.000000 3.928634 1.197385
296.714478 0.803557 7.584737 0.000000 3.919648 1.200556
297.715960 0.814208 7.569152 0.000000 3.928947 1.199688
298.717186 0.885160 7.756282 0.000000 3.950722 1.197239
299.718466 0.737139 7.264659 0.000000 3.857917 1.207086
300.719910 0.850182 7.836385 0.000000 3.924783 1.202403
301.721255 0.894137 7.953887 0.000000 3.909613 1.197427
302.722570 0.710994 7.149167 0.000000 3.928062 1.200917
303.724003 0.837118 7.790899 0.000000 3.861106 1.201014
304.725214 0.809475 7.494448 0.000000 3.932539 1.190891
305.726500 0.932837 8.202740 0.000000 3.950700 1.203679
306.727939 2.974114 13.725792 0.000000 4.361034 1.200078
307.729132 0.690140 7.250978 0.000000 3.885333 1.178877
308.730533 0.618899 6.758415 0.000000 3.812393 1.233214
309.731917 0.755546 7.400052 0.000000 3.876547 1.231455
310.733266 0.801501 7.501295 0.000000 3.920355 1.157536
311.734579 0.709396 7.192674 0.000000 3.845278 1.198207
312.735929 0.751747 7.288423 0.000000 3.832198 1.189043
313.737196 0.908883 7.842588 0.000000 3.876116 1.193049
314.738481 0.665877 6.775291 0.000000 3.853524 1.217320
315.739924 0.706363 6.965168 0.000000 3.840877 1.221994
316.741186 0.767312 7.036637 0.000000 3.876593 1.158932
317.742482 0.659698 6.765569 0.000000 3.878046 1.217477
318.743922 0.657668 6.521843 0.000000 3.839884 1.200800
319.745167 0.719517 7.062496 0.000000 3.888408 1.181626
320.746500 0.746883 7.068276 0.000000 3.828530 1.240917
321.747896 0.690732 6.994569 0.000000 3.883449 1.188629
322.749167 0.755083 6.984485 0.000000 3.844448 1.178138
323.750527 0.636326 6.807210 0.000000 3.839307 1.254216
324.752014 0.740887 7.031810 0.000000 3.847459 1.169038
325.753251 0.674855 6.836194 0.000000 3.852108 1.177709
326.754588 0.706270 6.922629 0.000000 3.853582 1.238173
327.756086 0.795424 7.160934 0.000000 3.860382 1.211392
328.757442 0.696123 7.000623 0.000000 3.810415 1.176096
329.758690 0.680364 6.787398 0.000000 3.805432 1.183183
330.760423 0.706097 7.012612 0.000000 3.862584 1.252960
331.761700 0.743253 7.154194 0.000000 3.869509 1.172283
332.762978 0.729354 6.832684 0.000000 3.908899 1.186255
333.764461 0.764994 7.181733 0.000000 3.867053 1.217730
334.765813 0.760355 7.169155 0.000000 3.874751 1.199845
335.767220 0.644250 6.829334 0.000000 3.863582 1.195015
336.768675 1.492976 9.086954 0.000000 3.891007 1.217517
337.769960 0.776727 7.267089 0.000000 3.860792 1.174145
338.771310 0.709827 7.014579 0.000000 3.828100 1.261406
339.772824 0.724535 7.000815 0.000000 3.805579 1.198649
340.774162 0.737767 6.968017 0.000000 3.852222 1.163141
341.775462 0.759998 7.138059 0.000000 3.868597 1.208130
342.776897 0.811884 7.211956 0.000000 3.861585 1.192391
343.778174 0.750933 7.057074 0.000000 3.843496 1.182497
344.779599 0.740248 6.995326 0.000000 3.834090 1.233766
345.781012 0.760675 6.984349 0.000000 3.860909 1.208052
346.782305 0.718447 6.843384 0.000000 3.859557 1.180242
347.784693 0.718667 6.957446 0.000000 3.912715 1.197054
348.786220 0.770156 6.827847 0.000000 3.879437 1.218537
349.787565 0.735583 7.068220 0.000000 3.868575 1.194012
350.788908 0.724658 7.131383 0.000000 3.873871 1.192543
351.790292 0.794966 7.407749 0.000000 3.909416 1.200652
352.792263 0.954189 8.026279 0.000000 3.910795 1.186323
353.793639 0.802256 7.361223 0.000000 3.878970 1.242148
354.795206 0.733135 7.097704 0.000000 3.913774 1.195949
355.796591 0.686138 6.851259 0.000000 3.856171 1.188246
356.797895 0.685614 6.832672 0.000000 3.895173 1.190956
357.799348 0.773839 7.390690 0.000000 3.842394 1.256182
358.800740 0.778960 7.372549 0.000000 3.860958 1.179343
359.802063 0.662362 6.693430 0.000000 3.847129 1.185412
360.803700 0.707460 7.085021 0.000000 3.877152 1.246313
361.804927 0.720673 7.112749 0.000000 3.856703 1.150309
362.806205 0.708217 6.851855 0.000000 3.860804 1.189323
363.807732 1.015371 8.028664 0.000000 3.918394 1.244599
364.809030 0.627634 6.833096 0.000000 3.834927 1.160966
365.810449 1.297567 9.328239 0.000000 3.883725 1.204150
366.811937 0.608272 6.456061 0.000000 3.870568 1.217546
367.813317 4.002061 15.880140 0.000000 4.460352 1.206153
368.814843 1.026601 7.840924 0.000000 3.902278 1.194889
369.816465 1.900908 10.870750 0.000000 4.045105 1.200407
370.817815 0.730185 7.188797 0.000000 3.851597 1.157807
371.819027 0.709909 7.068565 0.000000 3.835119 1.183930
372.820464 0.769753 7.228108 0.000000 3.837656 1.211378
373.821694 0.692995 7.123699 0.000000 3.805241 1.185921
374.822924 0.855210 7.829176 0.000000 3.875802 1.197462
375.824460 0.772465 7.370546 0.000000 3.802387 1.214958
376.825811 0.756104 7.413095 0.000000 3.846960 1.175138
377.827047 0.828810 7.720362 0.000000 3.862063 1.180220
378.828515 0.654191 6.836385 0.000000 3.829370 1.214110
379.829835 0.795520 7.572782 0.000000 3.849441 1.201483
380.831139 0.688784 6.941952 0.000000 3.804823 1.200461
381.832740 0.743378 7.228448 0.000000 3.823773 1.236211
382.833970 0.686671 6.690303 0.000000 3.855000 1.125241
383.835190 0.737244 6.958536 0.000000 3.871894 1.200178
384.836697 0.774711 7.488074 0.000000 3.897889 1.248053
385.837929 0.686791 6.859011 0.000000 3.842601 1.169273
386.839194 0.789193 7.141495 0.000000 3.830071 1.205068
387.840738 0.711731 6.868759 0.000000 3.863374 1.229201
388.842821 0.691674 6.758474 0.000000 3.855007 1.175392
389.844106 0.713378 6.908724 0.000000 3.845507 1.200360
390.845798 0.710529 6.797093 0.000000 3.842558 1.257755
391.847032 0.769284 7.277474 0.000000 3.852226 1.146944
392.848265 0.730758 6.703358 0.000000 3.821643 1.179023
393.849677 0.710072 6.930309 0.000000 3.846833 1.227607
394.850939 0.709584 7.003811 0.000000 3.861978 1.190138
395.852118 0.798908 7.311721 0.000000 3.852711 1.177653
396.853662 0.678198 6.752818 0.000000 3.876004 1.322076
397.854900 0.762057 7.129374 0.000000 3.837550 1.143005
398.856171 0.713235 7.046814 0.000000 3.863620 1.186710
399.857682 0.909438 7.542938 0.000000 3.887055 1.212263
400.858902 0.756462 7.085106 0.000000 3.873143 1.168281
401.860146 0.765863 7.194421 0.000000 3.836918 1.199276
402.861708 0.736459 6.905259 0.000000 3.881936 1.241876
403.862908 0.846366 7.656950 0.000000 3.896341 1.155122
404.864210 0.836664 7.412560 0.000000 3.863698 1.219391
405.865679 0.742623 7.270464 0.000000 3.848503 1.211574
406.866925 0.735701 7.155542 0.000000 3.854312 1.185672
407.868216 0.767183 7.257082 0.000000 3.874256 1.197788
408.869709 0.725784 7.106286 0.000000 3.854017 1.222147
409.870944 0.876557 7.541820 0.000000 3.860239 1.183306
410.872192 0.671998 7.107203 0.000000 3.799167 1.186108
411.873688 0.758890 7.234096 0.000000 3.838541 1.261071
412.874943 0.746149 7.152385 0.000000 3.915207 1.141718
413.876152 0.731050 7.140051 0.000000 3.813582 1.185832
414.877642 0.685334 6.858920 0.000000 3.793633 1.250087
415.878912 0.798379 7.362902 0.000000 3.812373 1.180506
416.880249 0.675397 6.922128 0.000000 3.834215 1.203868
417.881662 0.797244 7.396515 0.000000 3.859033 1.209290
418.882938 0.796652 7.493322 0.000000 3.863585 1.197503
419.884131 0.791368 7.451727 0.000000 3.840221 1.175934
420.885709 0.764434 7.355048 0.000000 3.853265 1.249536
421.886925 0.692334 7.035069 0.000000 3.875246 1.211217
422.888199 0.709515 6.918159 0.000000 3.895977 1.136016
423.889718 1.128504 8.553368 0.000000 3.929151 1.226972
424.890923 0.648206 7.029341 0.000000 3.821689 1.146251
425.892248 0.673683 7.132044 0.000000 3.837490 1.212223
426.893678 0.612680 6.699480 0.000000 3.803886 1.212694
427.894888 0.735652 7.282174 0.000000 3.875316 1.189350
428.896194 0.673361 7.092620 0.000000 3.831635 1.202917
429.897683 0.847463 7.653491 0.000000 3.812149 1.237207
430.898922 0.708793 7.197548 0.000000 3.850438 1.147968
431.900112 0.857805 7.655106 0.000000 3.863551 1.180992
432.901671 0.720343 7.104601 0.000000 3.835116 1.275100
433.902935 0.700546 7.030878 0.000000 3.838654 1.156358
434.904154 0.700166 6.911497 0.000000 3.828707 1.197531
435.905652 0.710621 6.960581 0.000000 3.879945 1.216640
436.906889 0.740691 7.018600 0.000000 3.865168 1.183638
437.908137 0.878680 7.785938 0.000000 3.868829 1.200172
438.909735 0.659316 6.655837 0.000000 3.825490 1.252942
439.910932 0.785742 7.308757 0.000000 3.839536 1.150247
440.912192 0.717983 7.011871 0.000000 3.820229 1.200772
441.913732 0.697382 6.920724 0.000000 3.890585 1.248551
442.914944 0.800162 7.252257 0.000000 3.861530 1.131510
443.916169 0.711820 7.348542 0.000000 3.824920 1.196269
444.917662 0.772681 7.257993 0.000000 3.859655 1.233455
445.918964 0.766367 7.411173 0.000000 3.890275 1.194203
446.920152 0.717425 7.035465 0.000000 3.819285 1.173862
447.921738 0.823432 7.551256 0.000000 3.839553 1.246792
448.922937 0.687926 7.125810 0.000000 3.817368 1.132654
449.924167 0.750069 7.343415 0.000000 3.808594 1.197520
450.925843 0.742210 7.074812 0.000000 3.865500 1.272016
451.927171 0.810066 7.524828 0.000000 3.848527 1.172445
452.928465 0.696349 7.127070 0.000000 3.859813 1.198958
453.929933 0.826637 7.430270 0.000000 3.868254 1.203289
454.931101 0.744095 7.255503 0.000000 3.839357 1.166066
455.932417 0.773137 7.591587 0.000000 3.815520 1.218834
456.933866 0.736771 7.025130 0.000000 3.883625 1.229322
457.935202 0.765640 7.519738 0.000000 3.855063 1.171184
458.936635 0.751563 7.375813 0.000000 3.840504 1.215919
459.938153 0.784957 7.622693 0.000000 3.827504 1.205675
460.939479 0.737395 7.211598 0.000000 3.776547 1.227894
461.940877 0.734294 7.293758 0.000000 3.860524 1.167223
462.942469 0.719466 6.972345 0.000000 3.795670 1.249945
463.943817 1.074373 7.926418 0.000000 3.899513 1.193563
464.945066 0.770080 7.351352 0.000000 3.859468 1.193355
465.946589 0.708638 7.184508 0.000000 3.824497 1.232496
466.947842 0.714254 7.169606 0.000000 3.829949 1.166224
467.949188 0.735628 7.352941 0.000000 3.833158 1.200052
468.950706 0.685818 6.849511 0.000000 3.804284 1.223583
469.951910 0.787077 7.592894 0.000000 3.838198 1.155689
470.953214 0.722492 7.244993 0.000000 3.867211 1.222989
471.954720 0.758059 7.537567 0.000000 3.824730 1.225207
472.955924 0.649075 6.736093 0.000000 3.824787 1.144438
473.957186 0.733998 7.169357 0.000000 3.873422 1.211781
474.958677 0.766344 7.167568 0.000000 3.842340 1.248958
475.959938 2.650817 12.584473 0.000000 4.255590 1.198443
476.961153 0.735663 6.968919 0.000000 3.827991 1.201194
477.962712 0.779882 7.364632 0.000000 3.854967 1.223303
478.963936 0.696063 6.904482 0.000000 3.890349 1.115242
479.965236 0.697854 6.858545 0.000000 3.862639 1.221385
480.966738 0.706032 6.774035 0.000000 3.837513 1.236484
481.967950 0.989127 7.994218 0.000000 3.909081 1.168180
482.969121 0.624848 6.765606 0.000000 3.840336 1.194279
483.970710 0.665599 7.137783 0.000000 3.868335 1.246337
484.971918 0.718995 7.093847 0.000000 3.853987 1.151981
485.973210 0.714302 7.192154 0.000000 3.844764 1.200733
486.974861 0.753334 7.154006 0.000000 3.844985 1.236659
487.976186 0.790335 7.459630 0.000000 3.871092 1.169734
488.977512 0.678163 7.075380 0.000000 3.874516 1.216847
489.978925 0.804314 7.472762 0.000000 3.867048 1.190182
490.980165 0.672719 6.898184 0.000000 3.796272 1.200299
491.981537 0.754047 7.154172 0.000000 3.842126 1.209448
492.982877 0.699136 7.071441 0.000000 3.860397 1.184826
493.984173 0.750553 7.265823 0.000000 3.837557 1.199256
494.985466 0.811664 7.491609 0.000000 3.871794 1.209309
495.986905 0.726966 7.104402 0.000000 3.822411 1.223738
496.988963 0.674195 6.704327 0.000000 3.848434 1.185324
497.990149 0.788493 7.549730 0.000000 3.810818 1.165885
498.991778 0.706019 6.944438 0.000000 3.795210 1.272566
499.993914 0.815092 7.515335 0.000000 3.809231 1.168576
500.995200 0.744313 7.195763 0.000000 3.873498 1.197893
501.996719 0.751209 7.239918 0.000000 3.856447 1.247028
502.997912 0.761497 7.161561 0.000000 3.821734 1.124504
503.999229 0.740708 7.181566 0.000000 3.823425 1.214902
505.000720 0.774328 7.369796 0.000000 3.833290 1.235565
506.001926 0.798811 7.647438 0.000000 3.877891 1.154147
507.003111 0.746689 7.104283 0.000000 3.838637 1.206857
508.004647 0.741415 7.188268 0.000000 3.895246 1.245303
509.005914 0.737667 7.177079 0.000000 3.954661 1.157839
510.007134 0.767466 7.409616 0.000000 3.942136 1.199064
511.008770 0.713691 7.077426 0.000000 3.860079 1.256759
512.009942 0.754350 7.109101 0.000000 3.880996 1.140037
513.011196 0.676962 7.041325 0.000000 3.848430 1.219313
514.012684 0.702675 7.051535 0.000000 3.875794 1.214375
515.013902 0.695396 6.795403 0.000000 3.875711 1.159739
516.015202 0.727052 7.056501 0.000000 3.904196 1.217869
517.016732 0.692209 6.878772 0.000000 3.938325 1.241850
518.018055 1.010169 8.035070 0.000000 3.925364 1.198458
519.019300 0.661012 6.781261 0.000000 3.877756 1.198986
520.021223 1.715360 10.082602 0.000000 4.053698 1.209067
521.022651 0.817269 7.195001 0.000000 3.831884 1.150208
522.023957 0.723192 7.144249 0.000000 3.850821 1.188822
523.025425 0.676985 6.712711 0.000000 3.934700 1.211407
524.026766 0.750596 7.090224 0.000000 3.929088 1.203653
525.028034 0.669287 6.901861 0.000000 3.820625 1.189544
526.029530 0.764984 7.217110 0.000000 3.883229 1.204091
527.030822 0.640774 6.746746 0.000000 3.868827 1.201615
528.032124 0.792136 7.394166 0.000000 3.879348 1.197287
529.033699 0.752858 7.073469 0.000000 3.880790 1.227117
530.034934 0.798178 7.396276 0.000000 3.869108 1.162709
531.036247 0.693029 6.764280 0.000000 3.833863 1.222677
532.037780 0.703618 7.272544 0.000000 3.860842 1.229943
533.039055 0.693437 6.867159 0.000000 3.870035 1.159231
534.040301 0.772704 7.180948 0.000000 3.887704 1.200578
535.041775 0.707148 7.107823 0.000000 3.875787 1.231454
536.043045 0.752417 7.130182 0.000000 3.781682 1.173167
537.044438 0.750770 7.091714 0.000000 3.819813 1.212100
538.045913 0.724456 7.067120 0.000000 3.860044 1.208302
539.047990 1.010003 8.006519 0.000000 3.871826 1.190671
540.049228 0.656902 6.964598 0.000000 3.876350 1.166101
541.050764 0.606765 6.363304 0.000000 3.838891 1.266560
542.052052 0.635183 6.756814 0.000000 3.870030 1.169197
543.053467 0.722763 6.918922 0.000000 3.996467 1.213046
544.054921 0.792015 7.299856 0.000000 3.888054 1.214645
545.056213 0.773857 6.971126 0.000000 3.922666 1.165833
546.057494 1.172174 8.777345 0.000000 3.913474 1.208173
547.058946 0.679723 6.831694 0.000000 3.844074 1.183413
548.060140 0.733895 7.029753 0.000000 3.885482 1.181535
549.061447 0.676789 6.788094 0.000000 3.865919 1.230707
550.062914 0.763132 7.012951 0.000000 3.935465 1.222106
551.064207 0.733274 7.107144 0.000000 3.826016 1.163941
552.065475 0.812324 7.187007 0.000000 3.891427 1.209371
553.066931 0.657932 6.630025 0.000000 3.858167 1.222214
554.068189 0.725756 7.028893 0.000000 3.877584 1.155670
555.069497 0.841474 7.404759 0.000000 3.847644 1.230335
556.071060 0.719228 7.041667 0.000000 3.893146 1.207837
557.072441 0.744638 6.853146 0.000000 3.873633 1.190994
558.073849 0.703995 6.931844 0.000000 3.885672 1.205206
559.075521 0.705501 6.733172 0.000000 3.810919 1.239275
560.076869 0.857304 7.533165 0.000000 3.945685 1.167309
561.078254 0.711707 6.865400 0.000000 3.856719 1.194805
562.079880 0.712800 7.028961 0.000000 3.901051 1.225929
563.081296 0.702877 7.050670 0.000000 3.805586 1.172696
564.089462 0.709039 7.084650 0.000000 3.817460 1.253002
565.090917 0.731723 7.098741 0.000000 3.863534 1.165517
566.092401 0.822449 7.603082 0.000000 3.833133 1.184156
567.093858 0.603034 6.676459 0.000000 3.817740 1.207452
568.095528 0.741011 7.359491 0.000000 3.829116 1.220604
569.096892 0.689200 7.101306 0.000000 3.853219 1.159481
570.098261 0.835968 7.673790 0.000000 3.869809 1.200752
571.099900 0.664469 6.925782 0.000000 3.837429 1.240845
572.101204 0.742333 7.148638 0.000000 3.842752 1.163328
573.102568 0.704864 7.142997 0.000000 3.869950 1.210004
574.103961 0.804284 7.494016 0.000000 3.852178 1.191711
575.105218 0.728241 7.187148 0.000000 3.842018 1.178295
576.106522 0.737244 7.202218 0.000000 3.861984 1.225673
577.107946 0.686979 6.953218 0.000000 3.856828 1.188605
578.109156 0.741092 7.324893 0.000000 3.863261 1.182626
579.110483 0.738461 7.206760 0.000000 3.906346 1.231229
580.111911 0.677301 7.120418 0.000000 3.849027 1.210045
581.113163 0.699975 6.930104 0.000000 3.851775 1.217578
582.114495 0.797080 7.244715 0.000000 3.867103 1.176087
583.115931 0.758981 7.381825 0.000000 3.850123 1.265400
584.117162 0.707808 6.857387 0.000000 3.856991 1.123569
585.118388 0.715432 7.000207 0.000000 3.853400 1.210943
586.119828 0.806288 7.352571 0.000000 3.927008 1.217004
587.121123 0.690665 6.996845 0.000000 3.870827 1.195583
588.122513 0.715573 6.999304 0.000000 3.876798 1.200308
589.123922 0.742377 7.084165 0.000000 3.853792 1.190561
590.125263 0.789133 7.262934 0.000000 3.889132 1.202377
591.126589 0.686285 6.864266 0.000000 3.837502 1.201625
592.128048 0.774870 7.171695 0.000000 3.903667 1.212041
593.129302 0.658568 6.622937 0.000000 3.852149 1.180761
594.130692 0.668062 6.770297 0.000000 3.863068 1.216180
595.132148 1.105858 8.314906 0.000000 3.935204 1.200015
596.133592 0.648721 6.942382 0.000000 3.869275 1.196716
597.134892 0.619495 6.777428 0.000000 3.822835 1.187053
598.136434 0.691408 6.804389 0.000000 3.840666 1.216494
599.137710 0.698130 6.763541 0.000000 3.814941 1.152981
600.138901 0.789892 7.452305 0.000000 3.868652 1.187684
601.140504 0.685745 6.722120 0.000000 3.835984 1.263003
602.141804 0.816779 7.298525 0.000000 3.891745 1.175239
603.143197 0.702711 7.044784 0.000000 3.840095 1.207912
604.144742 0.790313 7.477444 0.000000 3.863171 1.233228
605.146031 0.763359 7.262962 0.000000 3.813703 1.129952
606.147276 0.773192 7.201392 0.000000 3.888439 1.200232
607.148776 0.743712 7.078449 0.000000 3.812290 1.234082
608.150030 0.780576 7.340572 0.000000 3.881973 1.173418
609.151414 0.675853 6.903760 0.000000 3.812229 1.212763
610.152896 0.809545 7.737983 0.000000 3.908118 1.215719
611.154160 0.760574 7.180607 0.000000 3.902203 1.171090
612.155498 0.779779 7.426312 0.000000 3.885472 1.204192
613.156985 0.745489 7.182481 0.000000 3.903741 1.200910
614.158215 0.783856 7.551762 0.000000 3.858429 1.172034
615.159464 0.755998 7.368146 0.000000 3.871690 1.234004
616.160910 0.706041 7.200541 0.000000 3.876079 1.212530
617.162170 0.733375 7.242583 0.000000 3.834859 1.155805
618.163498 0.696478 7.220575 0.000000 3.830073 1.218622
619.164919 0.715125 6.904099 0.000000 3.835462 1.190807
620.166188 0.688168 7.175967 0.000000 3.856571 1.183193
621.167511 0.725084 7.178065 0.000000 3.849110 1.233215
622.168902 0.711184 7.196457 0.000000 3.871614 1.191109
623.170162 0.687839 6.914749 0.000000 3.823567 1.188890
624.171522 0.738010 7.307460 0.000000 3.854423 1.220119
625.172904 0.715716 7.128682 0.000000 3.851336 1.187152
626.174202 0.677435 7.081979 0.000000 3.836329 1.200613
627.175587 0.722297 7.077158 0.000000 3.861077 1.209014
628.177004 0.739537 7.372580 0.000000 3.853457 1.204426
629.178358 0.639408 6.852432 0.000000 3.802103 1.225669
630.180075 0.731105 7.395154 0.000000 3.866972 1.178979
631.181904 0.731191 7.382311 0.000000 3.838363 1.241399
632.183152 0.710661 7.055906 0.000000 3.849398 1.145656
633.184517 0.692490 7.010222 0.000000 3.822983 1.231093
634.185938 0.745035 7.300463 0.000000 3.897355 1.189477
635.187167 0.723385 6.912403 0.000000 3.848907 1.181996
636.188491 0.679795 7.064484 0.000000 3.851301 1.224373
637.189929 0.733930 7.180683 0.000000 3.852583 1.192843
638.191150 0.754450 7.337645 0.000000 3.847323 1.185759
639.192550 0.742735 7.066553 0.000000 3.881224 1.228973
640.194002 0.698129 7.023692 0.000000 3.856461 1.204195
641.195251 0.717457 7.165763 0.000000 3.819326 1.161042
642.196477 0.776834 7.296109 0.000000 3.841467 1.213121
643.197917 0.702083 7.213885 0.000000 3.878372 1.223732
644.199158 0.708243 7.301989 0.000000 3.848541 1.169022
645.200499 2.672792 12.811008 0.000000 4.191630 1.201619
646.201883 0.727356 7.184895 0.000000 3.867267 1.185212
647.203204 0.779793 7.356645 0.000000 3.871701 1.199294
648.204586 0.766260 7.536110 0.000000 3.892403 1.206877
649.206145 0.673358 6.954901 0.000000 3.832815 1.193657
650.207446 0.838524 7.621097 0.000000 3.879200 1.200783
651.208684 0.729291 7.274486 0.000000 3.853216 1.187071
652.210211 1.077213 8.318034 0.000000 3.928237 1.218528
653.211520 0.811773 7.662027 0.000000 3.896464 1.188813
654.212817 0.672209 7.068362 0.000000 3.884046 1.207550
655.214395 0.670299 7.078126 0.000000 3.864843 1.228919
656.215716 0.832610 7.939234 0.000000 3.931741 1.188593
657.216895 0.764129 7.377319 0.000000 3.863030 1.192453
658.218464 0.914504 8.114663 0.000000 3.923029 1.218907
659.219811 0.702530 7.123446 0.000000 3.913033 1.158165
660.221168 0.813426 7.660002 0.000000 3.906473 1.204655
661.222705 0.753191 7.014989 0.000000 3.838217 1.224904
662.223948 1.582704 10.704147 0.000000 4.009481 1.191503
663.225126 0.655981 7.139876 0.000000 3.822951 1.194777
664.226698 0.864105 7.869327 0.000000 3.900606 1.221624
665.227896 0.782098 7.410190 0.000000 3.902841 1.144355
666.229189 0.762107 7.429207 0.000000 3.882782 1.210204
667.231202 2.379122 11.908204 0.000000 4.157616 1.243430
668.232567 1.919621 10.685321 0.000000 4.051065 1.155694
669.233868 0.697350 6.987095 0.000000 3.817939 1.219784
670.236898 1.437676 9.149157 0.000000 3.967394 1.231306
671.238454 1.185945 8.555429 0.000000 3.917931 1.172634
672.239777 0.673075 6.929812 0.000000 3.846306 1.212278
673.241353 0.717055 6.902742 0.000000 3.835630 1.208178
674.242724 0.686589 6.976351 0.000000 3.843942 1.187343
675.243931 0.757692 7.169890 0.000000 3.796657 1.161530
676.245447 0.684585 6.978616 0.000000 3.799507 1.204501
677.246847 0.624629 6.545371 0.000000 3.820655 1.203438
678.248199 0.690884 6.919112 0.000000 3.834781 1.196843
679.249723 0.726508 6.933830 0.000000 3.839288 1.203644
680.250943 0.679835 7.062185 0.000000 3.849567 1.187925
681.252169 0.737789 7.175270 0.000000 3.838038 1.199985
682.253758 0.683865 6.971435 0.000000 3.801744 1.209887
683.255056 0.723182 7.232083 0.000000 3.824275 1.234086
684.256444 0.702790 7.065799 0.000000 3.833180 1.156290
685.257875 0.883471 8.121785 0.000000 3.953586 1.203371
686.259151 0.724250 7.160221 0.000000 3.810232 1.197861
687.260443 0.672075 7.045676 0.000000 3.824146 1.198630
688.261892 0.699457 7.182693 0.000000 3.830830 1.203632
689.263201 0.734817 7.142901 0.000000 3.831014 1.199226
690.264564 0.683959 7.079707 0.000000 3.823692 1.203030
691.266228 0.732987 7.229607 0.000000 3.812610 1.202778
692.267517 0.728203 7.107889 0.000000 3.843145 1.196908
693.268805 0.684772 7.122022 0.000000 3.864240 1.198498
694.270440 0.755418 7.328700 0.000000 3.806520 1.204687
695.271836 0.757853 7.439490 0.000000 3.822164 1.197708
696.273131 0.747445 7.125781 0.000000 3.860235 1.197598
697.274727 0.676594 7.033742 0.000000 3.852266 1.207910
698.275935 0.807603 7.573812 0.000000 3.855252 1.192857
699.277188 0.720091 7.131400 0.000000 3.844747 1.199572
700.278725 0.777034 7.298154 0.000000 3.865442 1.206194
701.280039 0.761405 7.268282 0.000000 3.843461 1.195595
702.281249 0.810146 7.661537 0.000000 3.860091 1.198069
703.282803 0.691141 6.906519 0.000000 3.821713 1.210864
704.284077 0.849123 7.481389 0.000000 3.858899 1.196469
705.285450 0.697574 7.018988 0.000000 3.773399 1.201441
706.286887 0.759696 7.352137 0.000000 3.858241 1.201478
707.288221 0.709701 6.975101 0.000000 3.811764 1.197391
708.289505 0.806353 7.417523 0.000000 3.877818 1.201057
709.290920 0.706657 7.015875 0.000000 3.840589 1.200864
710.292191 0.740209 7.242124 0.000000 3.808058 1.196994
711.293497 0.717553 6.952803 0.000000 3.806186 1.200684
712.294930 0.790600 7.201624 0.000000 3.865249 1.200256
713.296194 0.694359 6.924171 0.000000 3.872486 1.191987
714.297510 0.765838 7.238932 0.000000 3.867606 1.204290
715.298919 0.744709 7.143712 0.000000 3.874637 1.198102
716.300149 0.788413 7.303471 0.000000 3.850809 1.199942
717.301507 0.676571 6.821349 0.000000 3.839665 1.202739
718.302849 1.042653 8.288088 0.000000 3.897922 1.199037
719.304193 0.764643 7.040448 0.000000 3.874385 1.200157
720.305510 0.641946 6.836365 0.000000 3.839411 1.209988
721.306947 0.598673 6.591235 0.000000 3.811295 1.186397
722.308213 0.647496 6.717265 0.000000 3.830798 1.197336
723.309545 0.688216 6.817215 0.000000 3.804595 1.213517
724.310929 0.747455 7.142916 0.000000 3.863641 1.192598
725.312108 1.082129 8.488390 0.000000 3.937877 1.187660
726.313385 1.291426 9.029575 0.000000 3.844958 1.218162
727.314902 0.714690 6.678225 0.000000 3.871097 1.225187
728.316151 0.649229 6.834283 0.000000 3.845081 1.174673
729.317421 0.686704 6.826946 0.000000 3.835735 1.210471
730.318868 0.731409 6.882939 0.000000 3.869813 1.247052
731.320174 0.647622 6.729370 0.000000 3.851659 1.133335
732.321479 0.734530 7.185646 0.000000 3.867146 1.207893
733.322930 0.633435 6.751038 0.000000 3.832269 1.208095
734.324145 0.689988 6.740833 0.000000 3.858502 1.183026
735.325461 0.707123 6.822808 0.000000 3.827909 1.208565
736.326899 0.704660 6.969242 0.000000 3.849156 1.212102
737.328207 0.668955 6.844668 0.000000 3.846790 1.173526
738.329463 0.637962 6.595064 0.000000 3.811649 1.212212
739.330899 0.733078 7.100720 0.000000 3.856385 1.201693
740.332201 0.692412 7.040226 0.000000 3.845137 1.188184
741.333470 0.709336 6.890061 0.000000 3.826002 1.195371
742.334918 0.678095 6.758203 0.000000 3.871469 1.224951
743.336227 0.707494 6.987329 0.000000 3.845156 1.215045
744.337745 0.693253 6.833316 0.000000 3.813669 1.187791
745.339128 0.716371 7.017181 0.000000 3.876124 1.174925
746.340437 0.710663 6.857449 0.000000 3.814099 1.208814
747.341667 0.732452 7.023862 0.000000 3.869767 1.174932
748.343104 0.651956 6.635089 0.000000 3.784677 1.234860
749.344431 0.670695 6.902461 0.000000 3.862200 1.197563
750.345819 0.713487 6.899130 0.000000 3.838422 1.180377
751.347499 0.807893 7.122343 0.000000 3.835887 1.260964
752.348691 0.721902 6.825664 0.000000 3.822272 1.121917
753.349912 0.690716 6.711944 0.000000 3.841867 1.211821
754.351483 0.712489 7.076057 0.000000 3.896756 1.240291
755.352697 0.789401 7.186755 0.000000 3.838221 1.148435
756.353929 0.741579 6.993109 0.000000 3.872366 1.205825
757.355491 0.736916 7.009985 0.000000 3.872277 1.242193
758.356786 0.733913 6.965985 0.000000 3.827623 1.154267
759.358074 0.775521 7.258367 0.000000 3.829525 1.200545
760.359688 0.702007 6.927084 0.000000 3.834677 1.243443
761.360943 0.793651 7.125822 0.000000 3.890305 1.139317
762.362129 0.695190 6.878728 0.000000 3.871019 1.198734
763.363668 0.804319 7.517422 0.000000 3.885149 1.245985
764.364911 0.728526 7.378753 0.000000 3.832791 1.166500
765.366157 0.753547 7.273606 0.000000 3.894196 1.197791
766.367717 0.762787 7.385452 0.000000 3.879157 1.242261
767.368945 0.774409 7.313360 0.000000 3.850907 1.216944
768.370143 0.696599 7.070280 0.000000 3.868031 1.111142
769.371651 0.799530 7.756446 0.000000 3.907392 1.233688
770.372932 0.815240 7.709987 0.000000 3.872420 1.181524
771.374170 0.734884 7.556274 0.000000 3.871870 1.200140
772.375734 0.725458 7.196402 0.000000 3.867212 1.237549
773.376945 0.796323 7.421568 0.000000 3.826832 1.149787
774.378156 0.682721 7.045347 0.000000 3.835032 1.201809
775.379721 0.743709 7.202687 0.000000 3.858128 1.243513
776.380926 0.974930 7.977844 0.000000 3.926817 1.157987
777.382167 0.619623 6.945330 0.000000 3.777005 1.215359
778.383749 0.666548 7.001496 0.000000 3.816532 1.223921
779.384961 0.619778 6.627497 0.000000 3.809577 1.137483
780.386166 0.636410 6.609346 0.000000 3.803477 1.195485
781.387744 0.743928 7.210682 0.000000 3.853340 1.257530
782.388966 0.790492 7.171748 0.000000 3.847258 1.135566
783.390144 0.651165 6.749282 0.000000 3.860473 1.199884
784.391696 0.706423 6.923412 0.000000 3.855299 1.261580
785.392939 0.737974 7.072097 0.000000 3.875935 1.180583
786.394135 0.643441 6.609175 0.000000 3.842465 1.168701
787.395673 0.746045 6.990425 0.000000 3.868867 1.254418
788.396917 0.647312 6.701166 0.000000 3.825212 1.156223
789.398207 0.755678 7.340384 0.000000 3.816168 1.197065
790.399700 0.676815 6.683107 0.000000 3.830966 1.238478
791.400964 0.735109 7.145554 0.000000 3.860248 1.166935
792.402146 0.656603 6.667581 0.000000 3.808350 1.174248
793.403660 0.698802 6.911442 0.000000 3.825812 1.235027
794.404921 0.744148 7.069470 0.000000 3.830482 1.185706
795.406201 0.748569 7.013834 0.000000 3.827620 1.202583
796.407679 0.659136 6.772918 0.000000 3.797092 1.236312
797.408958 0.710014 7.041347 0.000000 3.844341 1.170372
798.410150 0.709085 6.788266 0.000000 3.833444 1.173386
799.411759 0.746921 7.245741 0.000000 3.885517 1.252979
800.413030 0.748438 7.205106 0.000000 3.821345 1.149960
801.414258 0.729161 7.168077 0.000000 3.831004 1.183322
802.415736 0.706003 6.823259 0.000000 3.824075 1.264299
803.416932 0.713929 7.162897 0.000000 3.830594 1.155170
804.418130 0.723636 7.085429 0.000000 3.830890 1.197157
805.419666 0.743594 7.225718 0.000000 3.846936 1.255010
806.420912 0.765800 7.092710 0.000000 3.846968 1.154593
807.422147 0.698356 7.219112 0.000000 3.837119 1.199522
808.423714 0.709795 7.029435 0.000000 3.849330 1.233069
809.424943 0.725838 7.056177 0.000000 3.861907 1.159624
810.426154 0.743302 7.265540 0.000000 3.859234 1.189879
811.427819 0.765175 7.381858 0.000000 3.881339 1.264824
812.429247 0.780167 7.344813 0.000000 3.864401 1.168503
813.430491 0.721987 7.306477 0.000000 3.776049 1.175923
814.431985 2.669047 12.896292 0.000000 4.185139 1.200660
815.433202 0.754179 7.313137 0.000000 3.851377 1.165557
816.434633 0.754352 7.094003 0.000000 3.867953 1.266107
817.436102 0.775640 7.391243 0.000000 3.843095 1.195603
818.437365 0.784135 7.185338 0.000000 3.834894 1.182030
819.438757 0.832429 7.681674 0.000000 3.861491 1.215462
820.440282 0.983851 7.494370 0.000000 3.907311 1.267025
821.441757 1.539264 9.847626 0.000000 4.011661 1.194426
822.443196 0.783876 7.253799 0.000000 3.860123 1.242871
823.444661 0.774302 7.500699 0.000000 3.869941 1.157745
824.445908 0.739404 7.303866 0.000000 3.846873 1.184192
825.448027 0.729305 7.199359 0.000000 3.836368 1.216658
826.449494 0.713202 7.160364 0.000000 3.861782 1.186309
827.450826 0.712658 7.158769 0.000000 3.857959 1.196894
828.452117 0.675337 6.743887 0.000000 3.845880 1.192458
829.453697 0.769795 7.347933 0.000000 3.868156 1.225734
830.455088 0.689105 6.892954 0.000000 3.805041 1.141359
831.456443 0.674654 7.038452 0.000000 3.801901 1.219441
832.457940 0.676889 6.603000 0.000000 3.844815 1.292438
833.459143 1.036061 8.056881 0.000000 3.874916 1.118441
834.460492 0.610825 6.787703 0.000000 3.825711 1.234718
835.461915 0.609362 6.643134 0.000000 3.852184 1.192325
836.463150 0.574836 6.400178 0.000000 3.824410 1.200102
837.464450 0.686973 7.158982 0.000000 3.838089 1.232878
838.465942 0.735734 7.141521 0.000000 3.834291 1.191001
839.467140 0.748234 7.344168 0.000000 3.848462 1.168903
840.468471 0.676575 7.032252 0.000000 3.827578 1.236358
841.469948 0.771200 7.480056 0.000000 3.856593 1.215811
842.471218 0.669346 6.960032 0.000000 3.804129 1.156182
843.472486 0.756807 7.498974 0.000000 3.861284 1.218288
844.473943 0.695596 7.107382 0.000000 3.825390 1.188546
845.475142 0.801880 7.434933 0.000000 3.843704 1.190493
846.476470 0.653292 6.610743 0.000000 3.821478 1.204218
847.477941 0.732794 7.351157 0.000000 3.853097 1.203499
848.479100 0.734012 7.217266 0.000000 3.846219 1.193739
849.480400 0.680451 6.855042 0.000000 3.786719 1.206176
850.481850 0.764181 7.429580 0.000000 3.834467 1.202142
851.483194 0.724399 7.202966 0.000000 3.778659 1.197645
852.484478 0.696326 6.945457 0.000000 3.803526 1.200536
853.485909 0.673932 6.860696 0.000000 3.855628 1.199259
854.487203 0.720519 7.158615 0.000000 3.822950 1.196808
855.488635 0.758359 7.453835 0.000000 3.834094 1.203999
856.490083 0.786824 7.213096 0.000000 3.842382 1.200279
857.491405 0.777719 7.266974 0.000000 3.832945 1.196684
858.492664 0.660972 6.802426 0.000000 3.825583 1.201306
859.494155 0.751214 7.370769 0.000000 3.829343 1.202981
860.495476 0.676017 6.756211 0.000000 3.812148 1.196460
861.496829 0.788758 7.364640 0.000000 3.858580 1.199935
862.498345 0.693788 6.847087 0.000000 3.843050 1.208263
863.499746 0.757377 7.279200 0.000000 3.838875 1.195872
864.501756 1.065957 8.014743 0.000000 3.897972 1.200016
865.503125 0.776830 7.223205 0.000000 3.833832 1.196041
866.504475 0.740913 7.100659 0.000000 3.847940 1.218519
867.505681 0.700998 6.963664 0.000000 3.822188 1.176164
868.507153 0.728923 6.992393 0.000000 3.831792 1.241790
869.508495 0.761064 7.076258 0.000000 3.885761 1.190018
870.509790 0.744108 6.978481 0.000000 3.832850 1.194476
871.511509 0.783184 7.384431 0.000000 3.842165 1.252449
872.512823 0.755020 7.127643 0.000000 3.856978 1.132607
873.514159 0.710050 7.106259 0.000000 3.821630 1.231160
874.515700 0.768759 7.357879 0.000000 3.841996 1.193487
875.516911 0.789861 7.553353 0.000000 3.864095 1.156065
876.518208 0.740632 7.215145 0.000000 3.894424 1.226703
877.519652 0.740386 7.148902 0.000000 3.808511 1.211409
878.520960 0.715815 7.110146 0.000000 3.748241 1.249957
879.522170 0.746076 7.378478 0.000000 3.857911 1.132335
880.523708 0.696454 7.067773 0.000000 3.809464 1.271671
881.524924 0.695535 7.013917 0.000000 3.830273 1.152887
882.526282 0.725090 7.014232 0.000000 3.799726 1.280662
883.527846 0.677164 7.092956 0.000000 3.857142 1.186678
884.529159 0.753771 7.295003 0.000000 3.826763 1.160478
885.530632 0.685178 7.035793 0.000000 3.862063 1.216766
886.532113 0.723949 6.915266 0.000000 3.847239 1.203757
887.533450 0.672532 7.176333 0.000000 3.820362 1.190794
888.534780 0.662967 6.951967 0.000000 3.801295 1.196885
889.536258 0.723494 7.387654 0.000000 3.825888 1.215853
890.537477 0.709020 7.139871 0.000000 3.833157 1.165869
891.539986 1.079171 8.327405 0.000000 3.903871 1.209851
892.541486 0.604516 6.723588 0.000000 3.844210 1.198395
893.542833 0.627527 6.917455 0.000000 3.812811 1.199929
894.544142 0.612525 6.617420 0.000000 3.828118 1.194685
895.545752 0.741497 7.533268 0.000000 3.776605 1.233206
896.547020 0.654337 6.811278 0.000000 3.829967 1.157776
897.548295 0.765473 7.426124 0.000000 3.832622 1.183944
898.549794 0.840750 7.377126 0.000000 3.839048 1.216043
899.551057 0.746280 7.529401 0.000000 3.856305 1.178149
900.552299 0.757284 7.230629 0.000000 3.860394 1.196339
901.553765 0.694234 6.919741 0.000000 3.878180 1.230981
902.555045 0.721809 6.986433 0.000000 3.893301 1.170168
903.556305 0.709890 6.905179 0.000000 3.909853 1.201288
904.557807 0.685936 6.823811 0.000000 3.854547 1.231095
905.559133 0.782943 7.491441 0.000000 3.841845 1.189758
906.560457 0.720192 6.967504 0.000000 3.880314 1.193944
907.561925 0.785727 7.337435 0.000000 3.885151 1.220207
908.563142 0.690078 6.758118 0.000000 3.839993 1.145314
909.564477 0.712870 7.079187 0.000000 3.843715 1.230488
910.566043 0.707998 6.729056 0.000000 3.849441 1.251908
911.567389 0.698888 6.856813 0.000000 3.820053 1.155376
912.568697 0.648992 6.532929 0.000000 3.882206 1.200373
913.570150 0.710409 6.932433 0.000000 3.801164 1.212507
914.571471 0.788433 7.287598 0.000000 3.950165 1.178350
915.572816 0.692032 6.825811 0.000000 3.927061 1.205465
916.574400 0.670325 6.660302 0.000000 3.845852 1.246930
917.575729 0.723831 6.901138 0.000000 3.878955 1.158215
918.576956 0.698712 6.704009 0.000000 3.828616 1.184541
919.578443 0.766118 7.156290 0.000000 3.865361 1.219596
920.579710 0.656882 6.630544 0.000000 3.868130 1.188524
921.581031 0.700994 6.914101 0.000000 3.881714 1.206433
922.582641 0.683973 6.417539 0.000000 3.852821 1.263865
923.583890 0.734206 6.852479 0.000000 3.878502 1.154863
924.585200 0.732972 6.892217 0.000000 3.854982 1.197296
925.586716 0.682513 6.821552 0.000000 3.836514 1.232056
926.588044 0.771726 7.129555 0.000000 3.951539 1.157909
927.589251 0.766241 7.159603 0.000000 3.898402 1.181268
928.590705 0.773137 7.170832 0.000000 3.946227 1.237655
929.591942 0.707712 6.902473 0.000000 3.925534 1.175350
930.593158 0.715560 6.795873 0.000000 3.856546 1.200071
931.594845 0.742933 7.128722 0.000000 3.861970 1.279985
932.596158 0.675581 6.699639 0.000000 3.879154 1.113790
933.597472 0.664501 6.824589 0.000000 3.843384 1.211506
934.598921 0.715120 6.904760 0.000000 3.836178 1.210426
935.600157 0.707362 7.219562 0.000000 3.891004 1.165524
936.601499 0.698998 6.693196 0.000000 3.892603 1.237517
937.602926 0.641739 6.804224 0.000000 3.941107 1.195027
938.604196 0.697616 6.676550 0.000000 3.853581 1.174853
939.605509 0.738197 7.125258 0.000000 3.858642 1.226146
940.606965 0.620313 6.596718 0.000000 3.805677 1.191297
941.608195 0.708967 7.082902 0.000000 3.886577 1.175830
942.609485 0.672472 6.759240 0.000000 3.795198 1.248519
943.610908 0.677183 6.731374 0.000000 3.837847 1.189451
944.612296 0.756031 6.839536 0.000000 3.830026 1.207819
945.613577 0.678483 6.900538 0.000000 3.840128 1.201681
946.615000 0.670661 6.663277 0.000000 3.843194 1.207273
947.616249 0.699246 6.834452 0.000000 3.835893 1.165752
948.617628 0.639529 6.731318 0.000000 3.829802 1.243093
949.619161 0.970162 7.845075 0.000000 3.903333 1.211656
950.620508 0.623885 6.711403 0.000000 3.867562 1.180531
951.621842 0.631390 6.929447 0.000000 3.847757 1.199229
952.623465 0.664419 7.021655 0.000000 3.814991 1.238082
953.624838 0.906135 7.908163 0.000000 3.864018 1.178871
954.626160 0.732156 7.082906 0.000000 3.856078 1.191724
955.627732 0.727311 7.243070 0.000000 3.837809 1.233848
956.629037 0.735947 6.986670 0.000000 3.856173 1.162553
957.630261 0.673721 7.009807 0.000000 3.867900 1.177860
958.631873 0.772040 7.317291 0.000000 3.847253 1.229838
959.633263 0.697334 7.106729 0.000000 3.796100 1.175006
960.634553 0.691674 6.901665 0.000000 3.825707 1.201324
961.636022 0.718427 7.237736 0.000000 3.887615 1.207941
962.637266 0.718908 7.235109 0.000000 3.889098 1.161073
963.638691 0.795772 7.520442 0.000000 3.922998 1.234054
964.640238 0.698992 7.030552 0.000000 3.825336 1.200604
965.641483 0.944305 7.791127 0.000000 3.876049 1.184378
966.645107 1.825644 9.555566 0.000000 4.028188 1.229104
967.646626 4.083640 15.752406 0.000000 4.362574 1.187363
968.647914 0.710221 7.037856 0.000000 3.885788 1.193304
969.649188 0.745129 7.481756 0.000000 3.873636 1.216390
970.650695 0.742000 6.804900 0.000000 3.856081 1.199217
971.651999 1.834186 10.153080 0.000000 4.083877 1.199433
972.653379 0.674423 6.680951 0.000000 3.860807 1.198396
973.655046 0.795381 7.182332 0.000000 3.876503 1.220526
974.656494 0.820056 7.229660 0.000000 3.886813 1.196560
975.657865 0.705819 7.029487 0.000000 3.892247 1.204483
976.659484 0.739358 7.002944 0.000000 3.862703 1.236378
977.660850 0.705945 6.916365 0.000000 3.860175 1.165094
978.662213 0.763806 7.045816 0.000000 3.865977 1.192802
979.663691 0.699025 7.034860 0.000000 3.874035 1.213282
980.664941 0.726174 7.054125 0.000000 3.846129 1.167021
981.666146 0.726267 7.116013 0.000000 3.831900 1.195253
982.667716 0.701017 7.144865 0.000000 3.895709 1.263278
983.669090 2.693717 12.831765 0.000000 4.226386 1.199223
984.670403 0.761192 7.241147 0.000000 3.885172 1.192955
985.671903 0.719045 7.123913 0.000000 3.888607 1.222404
986.673241 0.662322 6.950874 0.000000 3.872245 1.215662
987.674582 0.730009 7.099686 0.000000 3.842305 1.172013
988.676078 0.671603 6.816708 0.000000 3.819025 1.210972
989.677433 0.699156 6.890686 0.000000 3.829756 1.186862
990.678705 0.676416 6.760596 0.000000 3.792341 1.175939
991.680430 0.739767 7.206929 0.000000 3.836598 1.238142
992.681659 0.640372 6.674429 0.000000 3.814114 1.156938
993.682935 0.732555 7.161882 0.000000 3.877179 1.213710
994.684480 0.740845 7.023832 0.000000 3.850877 1.219081
995.685847 0.656436 6.738074 0.000000 3.832682 1.191363
996.687162 0.696990 6.983309 0.000000 3.832195 1.192431
997.688708 0.713161 7.075290 0.000000 3.860015 1.234016
998.689882 0.743695 7.043550 0.000000 3.841834 1.141577
999.691174 0.757383 7.443798 0.000000 3.904806 1.207449
1000.692646 0.675687 7.009869 0.000000 3.836760 1.220572
1001.693938 0.786048 7.416320 0.000000 3.847826 1.188040
1002.695185 0.652720 6.897603 0.000000 3.802494 1.174133
1003.696784 0.770618 7.298647 0.000000 3.836105 1.249019
1004.698062 0.769113 7.381040 0.000000 3.871182 1.172903
1005.699439 0.702021 6.860092 0.000000 3.874213 1.205185
1006.700905 0.715428 7.124184 0.000000 3.847814 1.224694
1007.702167 0.695107 7.106129 0.000000 3.826379 1.158154
1008.703519 0.977804 7.809479 0.000000 3.933692 1.234299
1009.704970 0.629976 6.808236 0.000000 3.831995 1.184370
1010.706222 0.632402 6.892875 0.000000 3.794413 1.169475
1011.707495 0.678518 6.964720 0.000000 3.830085 1.223591
1012.709019 0.847341 7.649369 0.000000 3.924652 1.233801
1013.710348 0.774773 7.295298 0.000000 3.868669 1.070230
1014.711732 0.772018 7.237862 0.000000 3.872052 1.265680
1015.713264 0.752342 7.232419 0.000000 3.861607 1.205481
1016.714638 0.664843 6.923882 0.000000 3.824609 1.188532
1017.715933 0.736839 7.281313 0.000000 3.809475 1.182041
1018.717473 0.809392 7.155134 0.000000 3.934919 1.203361
