(0 0),0
(0 10),0
(0 1),0
(0 11),0
(0 12),0
(0 13),0
(0 14),0
(0 15),0
(0 16),0
(0 17),0
(0 18),0
(0 19),0
(0 2),0
(0 3),0
(0 4),0
(0 5),0
(0 6),0
(0 7),0
(0 8),0
(0 9),0
(1 0),0
(1 10),0
(1 1),0
(1 11),0
(1 12),0
(1 13),0
(1 2),0
(1 3),0
(1 4),0
(1 5),0
(1 6),0
(1 7),0
(1 8),0
(1 9),0
(1 14),1
(1 15),1
(1 16),1
(1 17),1
(1 18),1
(1 19),1
(2 0),1
(2 10),1
(2 1),1
(2 11),1
(2 12),1
(2 13),1
(2 14),1
(2 15),1
(2 16),1
(2 17),1
(2 18),1
(2 19),1
(2 2),1
(2 3),1
(2 4),1
(2 5),1
(2 6),1
(2 7),1
(2 8),1
(2 9),1
(3 0),1
(3 1),1
(3 2),1
(3 3),1
(3 4),1
(3 5),1
(3 6),1
(3 7),1
(3 10),2
(3 11),2
(3 12),2
(3 13),2
(3 14),2
(3 15),2
(3 16),2
(3 17),2
(3 18),2
(3 19),2
(3 8),2
(3 9),2
(4 0),2
(4 10),2
(4 11),2
(4 1),2
(4 12),2
(4 13),2
(4 14),2
(4 15),2
(4 16),2
(4 17),2
(4 18),2
(4 19),2
(4 2),2
(4 3),2
(4 4),2
(4 5),2
(4 6),2
(4 7),2
(4 8),2
(4 9),2
(5 0),2
(5 1),2
(5 10),3
(5 11),3
(5 12),3
(5 13),3
(5 14),3
(5 15),3
(5 16),3
(5 17),3
(5 18),3
(5 19),3
(5 2),3
(5 3),3
(5 4),3
(5 5),3
(5 6),3
(5 7),3
(5 8),3
(5 9),3
(6 0),3
(6 10),3
(6 11),3
(6 12),3
(6 1),3
(6 13),3
(6 14),3
(6 15),3
(6 2),3
(6 3),3
(6 4),3
(6 5),3
(6 6),3
(6 7),3
(6 8),3
(6 9),3
(6 16),4
(6 17),4
(6 18),4
(6 19),4
(7 0),4
(7 10),4
(7 11),4
(7 12),4
(7 13),4
(7 1),4
(7 14),4
(7 15),4
(7 16),4
(7 17),4
(7 18),4
(7 19),4
(7 2),4
(7 3),4
(7 4),4
(7 5),4
(7 6),4
(7 7),4
(7 8),4
(7 9),4
(8 0),4
(8 1),4
(8 2),4
(8 3),4
(8 4),4
(8 5),4
(8 6),4
(8 7),4
(8 8),4
(10 0),5
(10 1),5
(8 10),5
(8 11),5
(8 12),5
(8 13),5
(8 14),5
(8 15),5
(8 16),5
(8 17),5
(8 18),5
(8 19),5
(8 9),5
(9 0),5
(9 10),5
(9 11),5
(9 12),5
(9 13),5
(9 14),5
(9 1),5
(9 15),5
(9 16),5
(9 17),5
(9 18),5
(9 19),5
(9 2),5
(9 3),5
(9 4),5
(9 5),5
(9 6),5
(9 7),5
(9 8),5
(9 9),5
(10 10),6
(10 11),6
(10 12),6
(10 13),6
(10 14),6
(10 15),6
(10 16),6
(10 17),6
(10 18),6
(10 19),6
(10 2),6
(10 3),6
(10 4),6
(10 5),6
(10 6),6
(10 7),6
(10 8),6
(10 9),6
(11 0),6
(11 10),6
(11 11),6
(11 12),6
(11 13),6
(11 14),6
(11 1),6
(11 2),6
(11 3),6
(11 4),6
(11 5),6
(11 6),6
(11 7),6
(11 8),6
(11 9),6
(11 15),7
(11 16),7
(11 17),7
(11 18),7
(11 19),7
(12 0),7
(12 10),7
(12 11),7
(12 12),7
(12 13),7
(12 14),7
(12 15),7
(12 16),7
(12 1),7
(12 17),7
(12 18),7
(12 19),7
(12 2),7
(12 3),7
(12 4),7
(12 5),7
(12 6),7
(12 7),7
(12 8),7
(12 9),7
(13 0),7
(13 1),7
(13 2),7
(13 3),7
(13 4),7
(13 5),7
(13 6),7
(13 7),7
(13 10),8
(13 11),8
(13 12),8
(13 13),8
(13 14),8
(13 15),8
(13 16),8
(13 17),8
(13 18),8
(13 19),8
(13 8),8
(13 9),8
(14 0),8
(14 10),8
(14 11),8
(14 12),8
(14 13),8
(14 14),8
(14 15),8
(14 16),8
(14 17),8
(14 1),8
(14 18),8
(14 19),8
(14 2),8
(14 3),8
(14 4),8
(14 5),8
(14 6),8
(14 7),8
(14 8),8
(14 9),8
(15 0),8
(15 10),9
(15 11),9
(15 12),9
(15 13),9
(15 14),9
(15 15),9
(15 16),9
(15 17),9
(15 18),9
(15 1),9
(15 19),9
(15 2),9
(15 3),9
(15 4),9
(15 5),9
(15 6),9
(15 7),9
(15 8),9
(15 9),9
(16 0),9
(16 10),9
(16 11),9
(16 12),9
(16 13),9
(16 1),9
(16 2),9
(16 3),9
(16 4),9
(16 5),9
(16 6),9
(16 7),9
(16 8),9
(16 9),9
(16 14),10
(16 15),10
(16 16),10
(16 17),10
(16 18),10
(16 19),10
(17 0),10
(17 10),10
(17 1),10
(17 11),10
(17 12),10
(17 13),10
(17 14),10
(17 15),10
(17 16),10
(17 17),10
(17 18),10
(17 19),10
(17 2),10
(17 3),10
(17 4),10
(17 5),10
(17 6),10
(17 7),10
(17 8),10
(17 9),10
(18 0),10
(18 1),10
(18 2),10
(18 3),10
(18 4),10
(18 5),10
(18 6),10
(18 10),11
(18 11),11
(18 12),11
(18 13),11
(18 14),11
(18 15),11
(18 16),11
(18 17),11
(18 18),11
(18 19),11
(18 7),11
(18 8),11
(18 9),11
(19 0),11
(19 10),11
(19 1),11
(19 11),11
(19 12),11
(19 13),11
(19 14),11
(19 15),11
(19 16),11
(19 17),11
(19 18),11
(19 19),11
(19 2),11
(19 3),11
(19 4),11
(19 5),11
(19 6),11
(19 7),11
(19 8),11
(19 9),11
